6 10
8 3
5 6
2 10
8 4
10 7
9 4
1 3
2 9
10 5 2
YES
10 5 3
YES
8 3
6 5
1 5
7 5
9 7
8 2
3 6
4 3
10 1
10 10 1
YES
10 10 3
YES
2 10
6 8
3 1
5 8
1 2
8 4
7 3
5 7
9 4
10 6 1
NO
10 6 2
YES
7 8
9 6
3 6
8 5
1 9
4 6
10 9
1 2
8 4
10 8 1
YES
10 8 4
YES
4 9
10 9
6 8
2 9
9 7
2 5
1 3
7 8
7 3
10 3 2
YES
10 3 3
YES
9 5
1 3
8 5
1 9
10 2
4 7
7 10
5 10
7 6
10 5 1
YES
10 5 5
YES
3 2
1 2
5 2
2 6
7 9
9 8
8 10
3 4
10 3
10 4 2
YES
10 4 3
YES
2 9
2 4
8 4
4 10
3 10
1 2
3 7
4 6
10 5
10 9 2
YES
10 9 3
YES
6 9
1 7
8 4
8 7
9 8
2 7
10 7
3 4
5 2
10 0 2
NO
10 0 4
NO
1 10
5 7
5 4
6 2
1 3
9 8
9 2
1 9
4 2
10 5 1
YES
10 5 2
YES
